;-------------------------------------------------------------------------------------------
; This is Frequency definition file for DScaler
;-------------------------------------------------------------------------------------------
; DScaler is released under the terms of the GPL
;
; if you have new information for this file please post it to
; deinterlace-discuss@lists.sourceforge.net
;-------------------------------------------------------------------------------------------
; Possible formats
;    "PAL-B",
;    "PAL-D",
;    "PAL-G",
;    "PAL-H",
;    "PAL-I",
;    "PAL-M",
;    "PAL-N",
;    "PAL-60",
;    "PAL-N-COMBO"
;    "SECAM-B",
;    "SECAM-D",
;    "SECAM-G",
;    "SECAM-H",
;    "SECAM-K",
;    "SECAM-K1",
;    "SECAM-L",
;    "SECAM-L1",
;    "NTSC-M",
;    "NTSC-M-Japan",
;    "NTSC-50",
;-------------------------------------------------------------------------------------------

[Australian Air Frequency]
ChannelLow=1
ChannelHigh=53
        46250000      ; 0    (1) VHF Band 1
        57250000      ; 1    (2)
        64250000      ; 2    (3) VHF Band 2
        86250000      ; 3    (4)
        95250000      ; 4    (5)
       102250000      ; 5    (6)
       138250000      ; 5a   (7) VHF Band 3
       175250000      ; 6    (8)
       182250000      ; 7    (9)
       189250000      ; 8    (10)
       196250000      ; 9    (11)
       209250000      ; 10   (12)
       216250000      ; 11   (13)
       223250000      ; 12   (14)
       527250000      ; 28   (15) UHF Band 4
       534250000      ; 29   (16) 
       541250000      ; 30   (17) 
       548250000      ; 31   (18) 
       555250000      ; 32   (19) 
       562250000      ; 33   (20) 
       569250000      ; 34   (21) 
       576250000      ; 35   (22) 
       604250000      ; 39   (23) UHF Band 5
       611250000      ; 40   (24) 
       618250000      ; 41   (25) 
       625250000      ; 42   (26) 
       632250000      ; 43   (27) 
       639250000      ; 44   (28) 
       646250000      ; 45   (29) 
       653250000      ; 46   (30) 
       660250000      ; 47   (31) 
       667250000      ; 48   (32) 
       674250000      ; 49   (33) 
       681250000      ; 50   (34) 
       688250000      ; 51   (35) 
       695250000      ; 52   (36) 
       702250000      ; 53   (37) 
       709250000      ; 54   (38) 
       716250000      ; 55   (39) 
       723250000      ; 56   (40) 
       730250000      ; 57   (41) 
       737250000      ; 58   (42) 
       744250000      ; 59   (43) 
       751250000      ; 60   (44) 
       758250000      ; 61   (45) 
       765250000      ; 62   (46) 
       772250000      ; 63   (47) 
       779250000      ; 64   (48) 
       786250000      ; 65   (49) 
       793250000      ; 66   (50) 
       800250000      ; 67   (51) 
       807250000      ; 68   (52) 
       814250000      ; 69   (53) 

[Australian Cable Frequency]
ChannelLow=1
ChannelHigh=14
       46250000
       57250000
       64250000
       86250000
       95250000
      102250000
      138250000
      175250000
      182250000
      189250000
      196250000
      209250000
      216250000
      223250000

[Czech Republic Air and Cable Frequency]
ChannelLow=1
ChannelHigh=113
    ;
    ;CCIR D/K 1-3
    49750000        ;       R 1
    59250000        ;       R 2
    77250000        ;       R 3
    84250000        ;       R 4
    93250000        ;       R 5
    175250000       ;       R 6
    183250000       ;       R 7
    191250000       ;       R 8
    199250000       ;       R 9
    207250000       ;       R 10
    215250000       ;       R 11
    223250000       ;       R 12
    ;
    ;CCIR B/G 1 and 3
    48250000        ;       E 2
    55250000        ;       E 3
    62250000        ;       E 4
    175250000       ;       E 5
    182250000       ;       E 6
    189250000       ;       E 7
    196250000       ;       E 8
    203250000       ;       E 9
    210250000       ;       E 10
    217250000       ;       E 11
    224250000       ;       E 12
    ;
    ;CCIR 4 and 5
    471250000       ;       21
    479250000       ;       22
    487250000       ;       23
    495250000       ;       24
    503250000       ;       25
    511250000       ;       26
    519250000       ;       27
    526250000       ;       28
    535250000       ;       29
    543250000       ;       30
    543250000       ;       31
    559250000       ;       32
    567250000       ;       33
    575250000       ;       34
    583250000       ;       35
    591250000       ;       36
    599250000       ;       37
    607250000       ;       38
    615250000       ;       39
    623250000       ;       40
    631250000       ;       41
    639250000       ;       42
    646250000       ;       43
    655250000       ;       44
    663250000       ;       45
    671250000       ;       46
    679250000       ;       47
    687250000       ;       48
    695250000       ;       49
    703250000       ;       50
    711250000       ;       51
    719250000       ;       52
    727250000       ;       53
    735250000       ;       54
    743250000       ;       55
    751250000       ;       56
    759250000       ;       57
    767250000       ;       58
    775250000       ;       59
    783250000       ;       60
    791250000       ;       61
    799250000       ;       62
    807250000       ;       63
    815250000       ;       64
    823250000       ;       65
    831250000       ;       66
    839250000       ;       67
    847250000       ;       68
    855250000       ;       69
    ;
    ;Cable
    105250000       ;       SE 1
    112250000       ;       SE 2
    119250000       ;       SE 3
    126250000       ;       SE 4
    133250000       ;       SE 5
    140250000       ;       SE 6
    147250000       ;       SE 7
    154250000       ;       SE 8
    161250000       ;       SE 9
    168250000       ;       SE 10
    231250000       ;       SE 11
    238250000       ;       SE 12
    245250000       ;       SE 13
    252250000       ;       SE 14
    259250000       ;       SE 15
    266250000       ;       SE 16
    273250000       ;       SE 17
    280250000       ;       SE 18
    287250000       ;       SE 19
    294250000       ;       SE 20
    303250000       ;       S 21
    311250000       ;       S 22
    319250000       ;       S 23
    327250000       ;       S 24
    335250000       ;       S 25
    343250000       ;       S 26
    351250000       ;       S 27
    359250000       ;       S 28
    367250000       ;       S 29
    375250000       ;       S 30
    383250000       ;       S 31
    391250000       ;       S 32
    399250000       ;       S 33
    407250000       ;       S 34
    415250000       ;       S 35
    423250000       ;       S 36
    431250000       ;       S 37
    439250000       ;       S 38
    447250000       ;       S 39
    455250000       ;       S 40
    463250000       ;       S 41

[Eastern European Cable Frequency]
ChannelLow=1
ChannelHigh=57
    49750000
    57250000
    65250000
    77250000
    85250000
   168250000
   176250000
   184250000
   192250000
   200250000
   208250000
   216250000
   471250000
   479250000
   487250000
   493250000
   503250000
   511250000
   519250000
   527250000
   535250000
   543250000
   551250000
   559250000
   607250000
   615250000
   623250000
   631250000
   639250000
   647250000
   655250000
   663250000
   671250000
   679250000
   687250000
   695250000
   703250000
   711250000
   719250000
   727250000
   735250000
   743250000
   751250000
   759250000
   767250000
   775250000
   783250000
   791250000
   799250000
   807250000
   815250000
   823250000
   831250000
   839250000
   847250000
   855250000
   863250000

[Eastern European Air Frequency]
ChannelLow=1
ChannelHigh=57
    49750000
    57250000
    65250000
    77250000
    85250000
   168250000
   176250000
   184250000
   192250000
   200250000
   208250000
   216250000
   471250000
   479250000
   487250000
   493250000
   503250000
   511250000
   519250000
   527250000
   535250000
   543250000
   551250000
   559250000
   607250000
   615250000
   623250000
   631250000
   639250000
   647250000
   655250000
   663250000
   671250000
   679250000
   687250000
   695250000
   703250000
   711250000
   719250000
   727250000
   735250000
   743250000
   751250000
   759250000
   767250000
   775250000
   783250000
   791250000
   799250000
   807250000
   815250000
   823250000
   831250000
   839250000
   847250000
   855250000
   863250000

[European Air Frequency]
ChannelLow=21
ChannelHigh=69
     471250000
     479250000
     487250000
     495250000
     503250000
     511250000
     519250000
     527250000
     535250000
     543250000
     551250000
     559250000
     567250000
     575250000
     583250000
     591250000
     599250000
     607250000
     615250000
     623250000
     631250000
     639250000
     647250000
     655250000
     663250000
     671250000
     679250000
     687250000
     695250000
     703250000
     711250000
     719250000
     727250000
     735250000
     743250000
     751250000
     759250000
     767250000
     775250000
     783250000
     791250000
     799250000
     807250000
     815250000
     823250000
     831250000
     839250000
     847250000
     855250000

[European Cable Frequency (S-channels)]
 ChannelLow=1
 ChannelHigh=41
 ; Used in Czech Republic, Finland, Germany and UK (and probably many
 ; others). S-channels should be identical in those countries, but there
 ; might be non-S-channels too (or S0-channels, like in UK).
      105250000  ; S1
      112250000  ; S2
      119250000  ; S3
      126250000  ; S4
      133250000  ; S5
      140250000  ; S6
      147250000  ; S7
      154250000  ; S8
      161250000  ; S9
      168250000  ; S10
      231250000  ; S11
      238250000  ; S12
      245250000  ; S13
      252250000  ; S14
      259250000  ; S15
      266250000  ; S16
      273250000  ; S17
      280250000  ; S18
      287250000  ; S19
      294250000  ; S20
      303250000  ; S21
      311250000  ; S22
      319250000  ; S23
      327250000  ; S24
      335250000  ; S25
      343250000  ; S26
      351250000  ; S27
      359250000  ; S28
      367250000  ; S29
      375250000  ; S30
      383250000  ; S31
      391250000  ; S32
      399250000  ; S33
      407250000  ; S34
      415250000  ; S35
      423250000  ; S36
      431250000  ; S37
      439250000  ; S38
      447250000  ; S39
      455250000  ; S40
      463250000  ; S41

[Finnish Air Frequency]
ChannelLow=2
ChannelHigh=69
; Get your local channel-numbers (if not listed here) from
; http://www.digita.fi/digita_alasivu.asp?path=1840;1872;1881;1896;1906
; I haven't checked everything, but there shouldn't be any errors -Tronic
; Alue I - channels 2-4
      48250000
      55250000
      62250000
; Alue II - not TV, but radio (87.5-108 MHz), not listed here
; Alue III - channels 5-12
     175250000  ; 5, YLE1 in Anjalankoski
     182250000  ; 6, YLE1 in Espoo
     189250000  ; 7, YLE1 in Kuopio, Oulu, Turku
     196250000  ; 8, YLE1 in Tampere; YLE2 in Espoo
     203250000  ; 9, YLE1 in Lahti; YLE2 in Turku
     210250000
     217250000  ; 11, YLE1 in Jyvaskyla; YLE2 in Oulu
     224250000
; Non-existing channels 13-20
             0
             0
             0
             0
             0
             0
             0
             0
; Alue IV - channels 21-37, digital broadcasts too
     471250000
     479250000
     487250000  ; 23, MTV3 in Fiskars
     495250000  ; 24, MTV3 in Espoo
     503250000  ; 25, YLE2 in Jyvaskyla
     511250000
     519250000
     527250000
     535250000
     543250000
     551250000  ; 31, YLE1 in Fiskars
     559250000
     567250000  ; 33, MTV3 in Oulu
     575250000
     583250000  ; 35, MTV3 in Jyvaskyla; SVT in Espoo
     591250000  ; 36, YLE2 in Kuopio
     599250000  ; 37, Nelonen in Oulu
; Alue V - channels 38-60, digital broadcasts too
     607250000
     615250000
     623250000  ; 40, YLE2 in Lahti
     631250000  ; 41, Nelonen in Anjalankoski, Jyvaskyla; YLE2 in Fiskars
     639250000  ; 42, Nelonen in Tampere
     647250000
     655250000
     663250000
     671250000  ; 46, Nelonen in Kuopio
     679250000
     687250000  ; 48, Nelonen in Lahti
     695250000  ; 49, YLE2 in Anjalankoski; MTV3 in Kuopio, Rovaniemi
     703250000
     711250000  ; 51, MTV3 in Lahti
     719250000  ; 52, Nelonen in Espoo
     727250000  ; 53, YLE1 in Rovaniemi; YLE2 in Tampere
     735250000  ; 54, MTV3 in Turku
     743250000
     751250000  ; 56, YLE2 in Rovaniemi; MTV3 in Anjalankoski
     759250000  ; 57, SVT in Turku
     767250000
     775250000  ; 59, MTV3 in Tampere
     783250000  ; 60, Nelonen in Turku
; Alue V - channels 61-69 (seperated because these are used differently)
     791250000
     799250000
     807250000
     815250000
     823250000
     831250000
     839250000
     847250000
     855250000  ; 69, Most VCRs default to this

[French Cable Frequency (Overseas)]
ChannelLow=1
ChannelHigh=6
   175250000
   183250000
   191250000
   199250000
   207250000
   215250000

[French Air Frequency (Overseas)]
ChannelLow=1
ChannelHigh=6
   175250000
   183250000
   191250000
   199250000
   207250000
   215250000

[French Cable Frequency]
ChannelLow=1
ChannelHigh=69
     47750000
     55750000
     60500000
     63750000
    176000000
    184000000
    192000000
    200000000
    208000000
    216000000
            0    ;Nicht verwendet
            0    
            0
            0
            0
            0
            0
            0
            0
            0
    471250000
    479250000
    487250000
    495250000
    503250000
    511250000
    519250000
    527250000
    535250000
    543250000
    551250000
    559250000
    567250000
    575250000
    583250000
    591250000
    599250000
    607250000
    615250000
    623250000
    631250000
    639250000
    647250000
    655250000
    663250000
    671250000
    679250000
    687250000
    695250000
    703250000
    711250000
    719250000
    727250000
    735250000
    743250000
    751250000
    759250000
    767250000
    775250000
    783250000
    791250000
    799250000
    807250000
    815250000
    823250000
    831250000
    839250000
    847250000
    855250000

[French Cable Frequency 2]
ChannelLow=1
ChannelHigh=24
  116750000 ; B
  128750000 ; C
  140750000 ; D
  159750000 ; E
  164750000 ; F
  176750000 ; G
  188750000 ; H
  200750000 ; I
  212750000 ; J
  214750000 ; K
  236750000 ; L
  260750000 ; N
  272750000 ; O
  284750000 ; P
  296750000 ; Q
  303250000 ; H
  311250000 ; H2
  319250000 ; H3
  335250000 ; H5
  343250000 ; H6
  359250000 ; H8
  367250000 ; H9
  375250000 ; H10
  383250000 ; H11
  397250000 ; H12
  399250000 ; H13
  415250000 ; H15
  423250000 ; H16
  431250000 ; H17
  439250000 ; H18
  447250000 ; H19

[French Air Frequency]
ChannelLow=1
ChannelHigh=69
     47750000
     55750000
     60500000
     63750000
    176000000
    184000000
    192000000
    200000000
    208000000
    216000000
            0
            0
            0
            0
            0
            0
            0
            0
            0
            0
    471250000
    479250000
    487250000
    495250000
    503250000
    511250000
    519250000
    527250000
    535250000
    543250000
    551250000
    559250000
    567250000
    575250000
    583250000
    591250000
    599250000
    607250000
    615250000
    623250000
    631250000
    639250000
    647250000
    655250000
    663250000
    671250000
    679250000
    687250000
    695250000
    703250000
    711250000
    719250000
    727250000
    735250000
    743250000
    751250000
    759250000
    767250000
    775250000
    783250000
    791250000
    799250000
    807250000
    815250000
    823250000
    831250000
    839250000
    847250000
    855250000

[German Frequency]
ChannelLow=1
ChannelHigh=108
;BAND I
   41250000     
   48250000	; E02
   55250000	; E03
   62250000	; E04
   69250000
   76250000
   83250000
   93250000
   99250000
;Sonderkanäle U
  105250000	; S01 
  112250000 ; S02	
  119250000	; S03
  126250000	; S04
  133250000	; S05
  140250000	; S06
  147250000	; S07
  154250000	; S08
  161250000	; S09
  168250000	; S10
;Band 3         
  175250000	; E05
  182250000	; E06
  189250000	; E07
  196250000	; E08
  203250000	; E09
  210250000	; E10
  217250000	; E11
  224250000	; E12
;Sonderkanäle   O
  231250000	; S11
  238250000	; S12
  245250000	; S13
  252250000	; S14
  259250000	; S15
  266250000	; S16
  273250000	; S17
  280250000	; S18
  287250000	; S19
  294250000	; S20
;Hyperband
  303250000	; S21	
  311250000	; S22
  319250000	; S23
  327250000	; S24
  335250000	; S25
  343250000	; S26
  351250000	; S27
  359250000	; S28
  367250000	; S29
  375250000	; S30
  383250000	; S31
  391250000	; S32
  399250000	; S33
  407250000	; S34
  415250000	; S35
  423250000	; S36
  431250000	; S37
  439250000	; S38
  447250000	; S39
  455250000	; S40
  463250000
;Band IV/V
  471250000	; E21
  479250000	; E22
  487250000	; E23
  495250000	; E24
  503250000	; E25
  511250000	; E26
  519250000	; E27
  527250000	; E28
  535250000	; E29
  543250000	; E30
  551250000	; E31
  559250000	; E32
  567250000	; E33
  575250000	; E34
  583250000	; E35
  591250000	; E36
  599250000	; E37
  607250000	; E38
  615250000	; E39
  623250000	; E40
  631250000	; E41
  639250000	; E42
  647250000	; E43
  655250000	; E44
  663250000	; E45
  671250000	; E46
  679250000	; E47
  687250000	; E48
  695250000	; E49
  703250000	; E50
  711250000	; E51
  719250000	; E52
  727250000	; E53
  735250000	; E54
  743250000	; E55
  751250000	; E56
  759250000	; E57
  767250000	; E58
  775250000	; E59
  783250000	; E60
  791250000	; E61
  799250000	; E62
  807250000	; E63
  815250000	; E64
  823250000	; E65
  831250000	; E66
  839250000	; E67
  847250000	; E68
  855250000	; E69
  863250000	; E70

[Irish Cable Frequency]
ChannelLow=1
ChannelHigh=9
       45750000
       53750000
       61750000
      175250000
      183250000
      191250000
      199250000
      207250000
      215250000

[Irish Air Frequency]
ChannelLow=1
ChannelHigh=9
        45750000
        53750000
        61750000
       175250000
       183250000
       191250000
       199250000
       207250000
       215250000

[Italian Cable Frequency]
ChannelLow=2
ChannelHigh=11
       53750000
       62250000
       82250000
      175250000
      183750000
      192250000
      201250000
      210250000
      217250000
      224250000

[Italian Air Frequency]
ChannelLow=2
ChannelHigh=68
;VHF I
     53750000 ;      A
     55250000 ; E3
     62250000 ; E4   B
;VHF II is mostly FM Radio
;VHF III
    175250000 ; E5   D
    182250000 ; E6
    183750000 ;      E
    189250000 ; E7
    192250000 ;      F
    196250000 ; E8
    201250000 ;      G
    203250000 ; E9   (Reserved for Digital TV)
    210250000 ; E10  H
    217250000 ; E11  H1
; Skip channels 15-20 to match UHF numbering
            0
            0
            0
            0
            0
            0
;UHF IV
    471250000 ; 21
    479250000 ; 22
    487250000 ; 23
    495250000 ; 24
    503250000 ; 25
    511250000 ; 26
    519250000 ; 27
    527250000 ; 28
    535250000 ; 29
    543250000 ; 30
    551250000 ; 31
    559250000 ; 32
    567250000 ; 33
    575250000 ; 34
    583250000 ; 35
    591250000 ; 36
;UHF V
    599250000 ; 37
    607250000 ; 38
    615250000 ; 39
    623250000 ; 40
    631250000 ; 41
    639250000 ; 42
    647250000 ; 43
    655250000 ; 44
    663250000 ; 45
    671250000 ; 46
    679250000 ; 47
    687250000 ; 48
    695250000 ; 49
    703250000 ; 50
    711250000 ; 51
    719250000 ; 52
    727250000 ; 53
    735250000 ; 54
    743250000 ; 55
    751250000 ; 56
    759250000 ; 57
    767250000 ; 58
    775250000 ; 59
    783250000 ; 60
    791250000 ; 61
    799250000 ; 62
    807250000 ; 63
    815250000 ; 64
    823250000 ; 65
    831250000 ; 66   (Reserved for Digital TV)
    839250000 ; 67   (Reserved for Digital TV)
    847250000 ; 68   (Reserved for Digital TV)

[Japanese Cable Frequency]
ChannelLow=13
ChannelHigh=63
Format=NTSC-M-Japan
   109250000
   115250000
   121250000
   127250000
   133250000
   139250000
   145250000
   151250000
   157250000
   165250000
   223250000
   231250000
   237250000
   243250000
   249250000
   253250000
   259250000
   265250000
   271250000
   277250000
   283250000
   289250000
   295250000
   301250000
   307250000
   313250000
   319250000
   325250000
   331250000
   337250000
   343250000
   349250000
   355250000
   361250000
   367250000
   373250000
   379250000
   385250000
   391250000
   397250000
   403250000
   409250000
   415250000
   421250000
   427250000
   433250000
   439250000
   445250000
   451250000
   457250000
   463250000

[Japanese Air Frequency]
ChannelLow=1
ChannelHigh=62
Format=NTSC-M-Japan
    91250000
    97250000
   103250000
   171250000
   177250000
   183250000
   189250000
   193250000
   199250000
   205250000
   211250000
   217250000
   471250000
   477250000
   483250000
   489250000
   495250000
   501250000
   507250000
   513250000
   519250000
   525250000
   531250000
   537250000
   543250000
   549250000
   555250000
   561250000
   567250000
   573250000
   579250000
   585250000
   591250000
   597250000
   603250000
   609250000
   615250000
   621250000
   627250000
   633250000
   639250000
   645250000
   651250000
   657250000
   663250000
   669250000
   675250000
   681250000
   687250000
   693250000
   699250000
   705250000
   711250000
   717250000
   723250000
   729250000
   735250000
   741250000
   747250000
   753250000
   759250000
   765250000

[New Zealand Cable Frequency]
ChannelLow=1
ChannelHigh=9
  45250000
  55250000
  62250000
 175250000
 182250000
 189250000
 196250000
 203250000
 210250000

[New Zealand Air Frequency]
ChannelLow=1
ChannelHigh=9
   45250000
   55250000
   62250000
  175250000
  182250000
  189250000
  196250000
  203250000
  210250000

[Russia Air Frequency]
ChannelLow=1
ChannelHigh=80
      49750000
      59250000
      77250000
      85250000
      93250000
     175250000
     183250000
     191250000
     199250000
     207250000
     215250000
     223250000
     0
     0
     0
     0
     0
     0
     0
     0
     471250000
     479250000
     487250000
     495250000
     503250000
     511250000
     519250000
     527250000
     535250000
     543250000
     551250000
     559250000
     567250000
     575250000
     583250000
     591250000
     599250000
     607250000
     615250000
     623250000
     631250000
     639250000
     647250000
     655250000
     663250000
     671250000
     679250000
     687250000
     695250000
     703250000
     711250000
     719250000
     727250000
     735250000
     743250000
     751250000
     759250000
     767250000
     775250000
     783250000
     791250000
     799250000
     807250000
     815250000
     823250000
     831250000
     839250000
     847250000
     855250000
     863250000
     871250000
     879250000
     887250000
     895250000
     903250000
     911250000
     919250000
     927250000
     935250000
     943250000

[USA Cable Frequency]
ChannelLow=1
ChannelHigh=158
Format=NTSC-M
   73250000
   55250000
   61250000
   67250000
   77250000
   83250000
  175250000
  181250000
  187250000
  193250000
  199250000
  205250000
  211250000
  121250000
  127250000
  133250000
  139250000
  145250000
  151250000
  157250000
  163250000
  169250000
  217250000
  223250000
  229250000
  235250000
  241250000
  247250000
  253250000
  259250000
  265250000
  271250000
  277250000
  283250000
  289250000
  295250000
  301250000
  307250000
  313250000
  319250000
  325250000
  331250000
  337250000
  343250000
  349250000
  355250000
  361250000
  367250000
  373250000
  379250000
  385250000
  391250000
  397250000
  403250000
  409250000
  415250000
  421250000
  427250000
  433250000
  439250000
  445250000
  451250000
  457250000
  463250000
  469250000
  475250000
  481250000
  487250000
  493250000
  499250000
  505250000
  511250000
  517250000
  523250000
  529250000
  535250000
  541250000
  547250000
  553250000
  559250000
  565250000
  571250000
  577250000
  583250000
  589250000
  595250000
  601250000
  607250000
  613250000
  619250000
  625250000
  631250000
  637250000
  643250000
   91250000
   97250000
  103250000
  109250000
  115250000
  649250000
  655250000
  661250000
  667250000
  673250000
  679250000
  685250000
  691250000
  697250000
  703250000
  709250000
  715250000
  721250000
  727250000
  733250000
  739250000
  745250000
  751250000
  757250000
  763250000
  769250000
  775250000
  781250000
  787250000
  793250000
  799250000
  805250000
  811250000
  817250000
  823250000
  829250000
  835250000
  841250000
  847250000
  853250000
  859250000
  865250000
  871250000
  877250000
  883250000
  889250000
  895250000
  901250000
  907250000
  913250000
  919250000
  925250000
  931250000
  937250000
  943250000
  949250000
  955250000
  961250000
  967250000
  973250000
  979250000
  985250000
  991250000
  997250000

[USA Cable HRC Frequency]
ChannelLow=1
ChannelHigh=116
Format=NTSC-M
   72000000
   54000000
   60000000
   66000000
   78000000
   84000000
  174000000
  180000000
  186000000
  192000000
  198000000
  204000000
  210000000
  120000000
  126000000
  132000000
  138000000
  144000000
  150000000
  156000000
  162000000
  168000000
  216000000
  220000000
  228000000
  234000000
  240000000
  246000000
  252000000
  258000000
  264000000
  270000000
  276000000
  282000000
  288000000
  294000000
  300000000
  306000000
  312000000
  318000000
  324000000
  330000000
  336000000
  342000000
  348000000
  354000000
  360000000
  366000000
  372000000
  378000000
  384000000
  390000000
  396000000
  402000000
  408000000
  414000000
  420000000
  426000000
  432000000
  438000000
  444000000
  450000000
  456000000
  462000000
  468000000
  474000000
  480000000
  486000000
  492000000
  498000000
  504000000
  510000000
  516000000
  522000000
  528000000
  534000000
  540000000
  546000000
  552000000
  558000000
  564000000
  570000000
  576000000
  582000000
  588000000
  594000000
  600000000
  606000000
  612000000
  618000000
  624000000
  630000000
  636000000
  642000000
   90000000
   96000000
  102000000
  108000000
  114000000
  648000000
  654000000
  660000000
  666000000
  672000000
  678000000
  684000000
  690000000
  696000000
  702000000
  708000000
  714000000
  720000000
  726000000
  732000000
  738000000
  744000000

[USA Air Frequency]
ChannelLow=2
ChannelHigh=69
Format=NTSC-M
   55250000
   61250000
   67250000
   77250000
   83250000
  175250000
  181250000
  187250000
  193250000
  199250000
  205250000
  211250000
  471250000
  477250000
  483250000
  489250000
  495250000
  501250000
  507250000
  513250000
  519250000
  525250000
  531250000
  537250000
  543250000
  549250000
  555250000
  561250000
  567250000
  573250000
  579250000
  585250000
  591250000
  597250000
  603250000
  609250000
  615250000
  621250000
  627250000
  633250000
  639250000
  645250000
  651250000
  657250000
  663250000
  669250000
  675250000
  681250000
  687250000
  693250000
  699250000
  705250000
  711250000
  717250000
  723250000
  729250000
  735250000
  741250000
  747250000
  753250000
  759250000
  765250000
  771250000
  777250000
  783250000
  789250000
  795250000
  801250000

[UK Cable Frequency]
ChannelLow=1
ChannelHigh=107
Format=PAL-I
        48250000      ; 1    E2 
        49750000      ; 2    E2A
        55250000      ; 3    E3
        62250000      ; 4    E4
        69250000      ; 5    S01
        76250000      ; 6    S02
        83250000      ; 7    S03
        90250000      ; 8    S04
        97250000      ; 9    S05
       105250000      ; 10   S1
       112250000      ; 11   S2
       119250000      ; 12   S3
       126250000      ; 13   S4
       133250000      ; 14   S5
       140250000      ; 15   S6
       147250000      ; 16   S7
       154250000      ; 17   S8
       161250000      ; 18   S9
       168250000      ; 19   S10
       175250000      ; 20   E5 
       182250000      ; 21   E6
       189250000      ; 22   E7
       196250000      ; 23   E8
       203250000      ; 24   E9
       210250000      ; 25   E10
       217250000      ; 26   E11
       224250000      ; 27   E12
       231250000      ; 28   S11
       238250000      ; 29   S12
       245250000      ; 30   S13
       252250000      ; 31   S14
       259250000      ; 32   S15
       266250000      ; 33   S16
       273250000      ; 34   S17
       280250000      ; 35   S18
       287250000      ; 36   S19
       294250000      ; 37   S20
       303250000      ; 38   S21
       311250000      ; 39   S22
       319250000      ; 40   S23
       327250000      ; 41   S24
       335250000      ; 42   S25
       343250000      ; 43   S26
       351250000      ; 44   S27
       359250000      ; 45   S28
       367250000      ; 46   S29
       375250000      ; 47   S30
       383250000      ; 48   S31
       391250000      ; 49   S32
       399250000      ; 50   S33
       407250000      ; 51   S34
       415250000      ; 52   S35
       423250000      ; 53   S36
       431250000      ; 54   S37
       439250000      ; 55   S38
       447250000      ; 56   S39
       455250000      ; 57   S40
       463250000      ; 58   S41
       471250000      ; 59
       479250000      ; 60
       487250000      ; 61
       495250000      ; 62
       503250000      ; 63
       511250000      ; 64
       519250000      ; 65
       527250000      ; 66
       535250000      ; 67
       543250000      ; 68
       551250000      ; 69
       559250000      ; 70
       567250000      ; 71
       575250000      ; 72
       583250000      ; 73
       591250000      ; 74
       599250000      ; 75
       607250000      ; 76
       615250000      ; 77
       623250000      ; 78
       631250000      ; 79
       639250000      ; 80
       647250000      ; 81
       655250000      ; 82
       663250000      ; 83
       671250000      ; 84
       679250000      ; 85
       687250000      ; 86
       695250000      ; 87
       703250000      ; 88
       711250000      ; 89
       719250000      ; 90
       727250000      ; 91
       735250000      ; 92
       743250000      ; 93
       751250000      ; 94
       759250000      ; 95
       767250000      ; 96
       775250000      ; 97
       783250000      ; 98
       791250000      ; 99
       799250000      ; 100
       807250000      ; 101
       815250000      ; 102
       823250000      ; 103
       831250000      ; 104
       839250000      ; 105
       847250000      ; 106
       855250000      ; 107

[UK Air Frequency]
ChannelLow=1
ChannelHigh=69
Format=PAL-I
        45750000      ; 1
        53750000      ; 2
        61750000      ; 3
       175250000      ; 4
       183250000      ; 5
       191250000      ; 6
       199250000      ; 7
       207250000      ; 8
       215250000      ; 9 
       223250000      ; 10
       231250000      ; 11

               0      ; 12  not used
               0      ; 13  not used
               0      ; 14  not used
               0      ; 15  not used
               0      ; 16  not used
               0      ; 17  not used
               0      ; 18  not used
               0      ; 19  not used
               0      ; 20  not used

       471250000      ; 21
       479250000      ; 22
       487250000      ; 23
       495250000      ; 24
       503250000      ; 25
       511250000      ; 26
       519250000      ; 27
       527250000      ; 28
       535250000      ; 29
       543250000      ; 30
       551250000      ; 31
       559250000      ; 32
       567250000      ; 33
       575250000      ; 34
       583250000      ; 35
       591250000      ; 36
       599250000      ; 37
       607250000      ; 38
       615250000      ; 39
       623250000      ; 40
       631250000      ; 41
       639250000      ; 42
       647250000      ; 43
       655250000      ; 44
       663250000      ; 45
       671250000      ; 46
       679250000      ; 47
       687250000      ; 48
       695250000      ; 49
       703250000      ; 50
       711250000      ; 51
       719250000      ; 52
       727250000      ; 53
       735250000      ; 54
       743250000      ; 55
       751250000      ; 56
       759250000      ; 57
       767250000      ; 58
       775250000      ; 59
       783250000      ; 60
       791250000      ; 61
       799250000      ; 62
       807250000      ; 63
       815250000      ; 64
       823250000      ; 65
       831250000      ; 66
       839250000      ; 67
       847250000      ; 68
       855250000      ; 69
