[German Frequency]
ChannelLow=1
ChannelHigh=108
;BAND I
   41250000     
   48250000	; E02
   55250000	; E03
   62250000	; E04
   69250000
   76250000
   83250000
   93250000
   99250000
;Sonderkanäle U
  105250000	; S01 
  112250000 ; S02	
  119250000	; S03
  126250000	; S04
  133250000	; S05
  140250000	; S06
  147250000	; S07
  154250000	; S08
  161250000	; S09
  168250000	; S10
;Band 3         
  175250000	; E05
  182250000	; E06
  189250000	; E07
  196250000	; E08
  203250000	; E09
  210250000	; E10
  217250000	; E11
  224250000	; E12
;Sonderkanäle   O
  231250000	; S11
  238250000	; S12
  245250000	; S13
  252250000	; S14
  259250000	; S15
  266250000	; S16
  273250000	; S17
  280250000	; S18
  287250000	; S19
  294250000	; S20
;Hyperband
  303250000	; S21	
  311250000	; S22
  319250000	; S23
  327250000	; S24
  335250000	; S25
  343250000	; S26
  351250000	; S27
  359250000	; S28
  367250000	; S29
  375250000	; S30
  383250000	; S31
  391250000	; S32
  399250000	; S33
  407250000	; S34
  415250000	; S35
  423250000	; S36
  431250000	; S37
  439250000	; S38
  447250000	; S39
  455250000	; S40
  463250000
;Band IV/V
  471250000	; E21
  479250000	; E22
  487250000	; E23
  495250000	; E24
  503250000	; E25
  511250000	; E26
  519250000	; E27
  527250000	; E28
  535250000	; E29
  543250000	; E30
  551250000	; E31
  559250000	; E32
  567250000	; E33
  575250000	; E34
  583250000	; E35
  591250000	; E36
  599250000	; E37
  607250000	; E38
  615250000	; E39
  623250000	; E40
  631250000	; E41
  639250000	; E42
  647250000	; E43
  655250000	; E44
  663250000	; E45
  671250000	; E46
  679250000	; E47
  687250000	; E48
  695250000	; E49
  703250000	; E50
  711250000	; E51
  719250000	; E52
  727250000	; E53
  735250000	; E54
  743250000	; E55
  751250000	; E56
  759250000	; E57
  767250000	; E58
  775250000	; E59
  783250000	; E60
  791250000	; E61
  799250000	; E62
  807250000	; E63
  815250000	; E64
  823250000	; E65
  831250000	; E66
  839250000	; E67
  847250000	; E68
  855250000	; E69
  863250000	; E70


[USA Cable Frequency]
ChannelLow=1
ChannelHigh=158
   73250000
   55250000
   61250000
   67250000
   77250000
   83250000
  175250000
  181250000
  187250000
  193250000
  199250000
  205250000
  211250000
  121250000
  127250000
  133250000
  139250000
  145250000
  151250000
  157250000
  163250000
  169250000
  217250000
  223250000
  229250000
  235250000
  241250000
  247250000
  253250000
  259250000
  265250000
  271250000
  277250000
  283250000
  289250000
  295250000
  301250000
  307250000
  313250000
  319250000
  325250000
  331250000
  337250000
  343250000
  349250000
  355250000
  361250000
  367250000
  373250000
  379250000
  385250000
  391250000
  397250000
  403250000
  409250000
  415250000
  421250000
  427250000
  433250000
  439250000
  445250000
  451250000
  457250000
  463250000
  469250000
  475250000
  481250000
  487250000
  493250000
  499250000
  505250000
  511250000
  517250000
  523250000
  529250000
  535250000
  541250000
  547250000
  553250000
  559250000
  565250000
  571250000
  577250000
  583250000
  589250000
  595250000
  601250000
  607250000
  613250000
  619250000
  625250000
  631250000
  637250000
  643250000
   91250000
   97250000
  103250000
  109250000
  115250000
  649250000
  655250000
  661250000
  667250000
  673250000
  679250000
  685250000
  691250000
  697250000
  703250000
  709250000
  715250000
  721250000
  727250000
  733250000
  739250000
  745250000
  751250000
  757250000
  763250000
  769250000
  775250000
  781250000
  787250000
  793250000
  799250000
  805250000
  811250000
  817250000
  823250000
  829250000
  835250000
  841250000
  847250000
  853250000
  859250000
  865250000
  871250000
  877250000
  883250000
  889250000
  895250000
  901250000
  907250000
  913250000
  919250000
  925250000
  931250000
  937250000
  943250000
  949250000
  955250000
  961250000
  967250000
  973250000
  979250000
  985250000
  991250000
  997250000

[USA Cable HRC Frequency]
ChannelLow=1
ChannelHigh=116
   72000000
   54000000
   60000000
   66000000
   78000000
   84000000
  174000000
  180000000
  186000000
  192000000
  198000000
  204000000
  210000000
  120000000
  126000000
  132000000
  138000000
  144000000
  150000000
  156000000
  162000000
  168000000
  216000000
  220000000
  228000000
  234000000
  240000000
  246000000
  252000000
  258000000
  264000000
  270000000
  276000000
  282000000
  288000000
  294000000
  300000000
  306000000
  312000000
  318000000
  324000000
  330000000
  336000000
  342000000
  348000000
  354000000
  360000000
  366000000
  372000000
  378000000
  384000000
  390000000
  396000000
  402000000
  408000000
  414000000
  420000000
  426000000
  432000000
  438000000
  444000000
  450000000
  456000000
  462000000
  468000000
  474000000
  480000000
  486000000
  492000000
  498000000
  504000000
  510000000
  516000000
  522000000
  528000000
  534000000
  540000000
  546000000
  552000000
  558000000
  564000000
  570000000
  576000000
  582000000
  588000000
  594000000
  600000000
  606000000
  612000000
  618000000
  624000000
  630000000
  636000000
  642000000
   90000000
   96000000
  102000000
  108000000
  114000000
  648000000
  654000000
  660000000
  666000000
  672000000
  678000000
  684000000
  690000000
  696000000
  702000000
  708000000
  714000000
  720000000
  726000000
  732000000
  738000000
  744000000

[USA Air Frequency]
ChannelLow=2
ChannelHigh=69
   55250000
   61250000
   67250000
   77250000
   83250000
  175250000
  181250000
  187250000
  193250000
  199250000
  205250000
  211250000
  471250000
  477250000
  483250000
  489250000
  495250000
  501250000
  507250000
  513250000
  519250000
  525250000
  531250000
  537250000
  543250000
  549250000
  555250000
  561250000
  567250000
  573250000
  579250000
  585250000
  591250000
  597250000
  603250000
  609250000
  615250000
  621250000
  627250000
  633250000
  639250000
  645250000
  651250000
  657250000
  663250000
  669250000
  675250000
  681250000
  687250000
  693250000
  699250000
  705250000
  711250000
  717250000
  723250000
  729250000
  735250000
  741250000
  747250000
  753250000
  759250000
  765250000
  771250000
  777250000
  783250000
  789250000
  795250000
  801250000

[Eastern European Cable Frequency]
ChannelLow=1
ChannelHigh=57
    49750000
    57250000
    65250000
    77250000
    85250000
   168250000
   176250000
   184250000
   192250000
   200250000
   208250000
   216250000
   471250000
   479250000
   487250000
   493250000
   503250000
   511250000
   519250000
   527250000
   535250000
   543250000
   551250000
   559250000
   607250000
   615250000
   623250000
   631250000
   639250000
   647250000
   655250000
   663250000
   671250000
   679250000
   687250000
   695250000
   703250000
   711250000
   719250000
   727250000
   735250000
   743250000
   751250000
   759250000
   767250000
   775250000
   783250000
   791250000
   799250000
   807250000
   815250000
   823250000
   831250000
   839250000
   847250000
   855250000
   863250000

[Eastern European Air Frequency]
ChannelLow=1
ChannelHigh=57
    49750000
    57250000
    65250000
    77250000
    85250000
   168250000
   176250000
   184250000
   192250000
   200250000
   208250000
   216250000
   471250000
   479250000
   487250000
   493250000
   503250000
   511250000
   519250000
   527250000
   535250000
   543250000
   551250000
   559250000
   607250000
   615250000
   623250000
   631250000
   639250000
   647250000
   655250000
   663250000
   671250000
   679250000
   687250000
   695250000
   703250000
   711250000
   719250000
   727250000
   735250000
   743250000
   751250000
   759250000
   767250000
   775250000
   783250000
   791250000
   799250000
   807250000
   815250000
   823250000
   831250000
   839250000
   847250000
   855250000
   863250000

[French Cable Frequency (Overseas)]
ChannelLow=1
ChannelHigh=6
   175250000
   183250000
   191250000
   199250000
   207250000
   215250000

[French Air Frequency (Overseas)]
ChannelLow=1
ChannelHigh=6
   175250000
   183250000
   191250000
   199250000
   207250000
   215250000

[French Cable Frequency]
ChannelLow=1
ChannelHigh=69
     47750000
     55750000
     60500000
     63750000
    176000000
    184000000
    192000000
    200000000
    208000000
    216000000
            0    ;Nicht verwendet
            0    
            0
            0
            0
            0
            0
            0
            0
            0
    471250000
    479250000
    487250000
    495250000
    503250000
    511250000
    519250000
    527250000
    535250000
    543250000
    551250000
    559250000
    567250000
    575250000
    583250000
    591250000
    599250000
    607250000
    615250000
    623250000
    631250000
    639250000
    647250000
    655250000
    663250000
    671250000
    679250000
    687250000
    695250000
    703250000
    711250000
    719250000
    727250000
    735250000
    743250000
    751250000
    759250000
    767250000
    775250000
    783250000
    791250000
    799250000
    807250000
    815250000
    823250000
    831250000
    839250000
    847250000
    855250000


[French Air Frequency]
ChannelLow=1
ChannelHigh=69
     47750000
     55750000
     60500000
     63750000
    176000000
    184000000
    192000000
    200000000
    208000000
    216000000
            0
            0
            0
            0
            0
            0
            0
            0
            0
            0
    471250000
    479250000
    487250000
    495250000
    503250000
    511250000
    519250000
    527250000
    535250000
    543250000
    551250000
    559250000
    567250000
    575250000
    583250000
    591250000
    599250000
    607250000
    615250000
    623250000
    631250000
    639250000
    647250000
    655250000
    663250000
    671250000
    679250000
    687250000
    695250000
    703250000
    711250000
    719250000
    727250000
    735250000
    743250000
    751250000
    759250000
    767250000
    775250000
    783250000
    791250000
    799250000
    807250000
    815250000
    823250000
    831250000
    839250000
    847250000
    855250000

[Irish Cable Frequency]
ChannelLow=1
ChannelHigh=9
       45750000
       53750000
       61750000
      175250000
      183250000
      191250000
      199250000
      207250000
      215250000

[Irish Air Frequency]

ChannelLow=1
ChannelHigh=9

        45750000
        53750000
        61750000
       175250000
       183250000
       191250000
       199250000
       207250000
       215250000

[Italian Kable Frequency]

ChannelLow=2
ChannelHigh=11
       53750000
       62250000
       82250000
      175250000
      183750000
      192250000
      201250000
      210250000
      217250000
      224250000

[Japanese Cable Frequency]
ChannelLow=13
ChannelHigh=63
   109250000
   115250000
   121250000
   127250000
   133250000
   139250000
   145250000
   151250000
   157250000
   165250000
   223250000
   231250000
   237250000
   243250000
   249250000
   253250000
   259250000
   265250000
   271250000
   277250000
   283250000
   289250000
   295250000
   301250000
   307250000
   313250000
   319250000
   325250000
   331250000
   337250000
   343250000
   349250000
   355250000
   361250000
   367250000
   373250000
   379250000
   385250000
   391250000
   397250000
   403250000
   409250000
   415250000
   421250000
   427250000
   433250000
   439250000
   445250000
   451250000
   457250000
   463250000

[Japanese Air Frequency]
ChannelLow=1
ChannelHigh=62
    91250000
    97250000
   103250000
   171250000
   177250000
   183250000
   189250000
   193250000
   199250000
   205250000
   211250000
   217250000
   471250000
   477250000
   483250000
   489250000
   495250000
   501250000
   507250000
   513250000
   519250000
   525250000
   531250000
   537250000
   543250000
   549250000
   555250000
   561250000
   567250000
   573250000
   579250000
   585250000
   591250000
   597250000
   603250000
   609250000
   615250000
   621250000
   627250000
   633250000
   639250000
   645250000
   651250000
   657250000
   663250000
   669250000
   675250000
   681250000
   687250000
   693250000
   699250000
   705250000
   711250000
   717250000
   723250000
   729250000
   735250000
   741250000
   747250000
   753250000
   759250000
   765250000

[New Zealand Cable Frequency]

ChannelLow=1
ChannelHigh=9

  45250000
  55250000
  62250000
 175250000
 182250000
 189250000
 196250000
 203250000
 210250000

[New Zealand Air Frequency]

ChannelLow=1
ChannelHigh=9

   45250000
   55250000
   62250000
  175250000
  182250000
  189250000
  196250000
  203250000
  210250000

[Australian Cable Frequency]

ChannelLow=1
ChannelHigh=14

    46250000
    57250000
    64250000
    86250000
    95250000
   102250000
   138250000
   175250000
   182250000
   189250000
   196250000
   209250000
   216250000
   223250000


[Australian Cable Frequency]

ChannelLow=1
ChannelHigh=14

       46250000
       57250000
       64250000
       86250000
       95250000
      102250000
      138250000
      175250000
      182250000
      189250000
      196250000
      209250000
      216250000
      223250000

[UK Cable Frequency]

ChannelLow=2
ChannelHigh=56
    48250000
    55250000
    62250000
    69250000
    76250000
    83250000
   105250000
   112250000
   119250000
   126250000
   133250000
   140250000
   147250000
   154250000
   161250000
   168250000
   175250000
   182250000
   189250000
   196250000
   203250000
   210250000
   217250000
   224250000
   231250000
   238250000
   245250000
   252250000
   259250000
   266250000
   273250000
   280250000
   287250000
   294250000
   303250000
   311250000
   319250000
   327250000
   335250000
   343250000
   351250000
   359250000
   367250000
   375250000
   383250000
   391250000
   399250000
   407250000
   415250000
   423250000
   431250000
   439250000
   447250000
   455250000
   463250000

[UK Air Frequency]

ChannelLow=2
ChannelHigh=69

	45750000
	53750000
	61750000
	175250000
	183250000
	191250000
	199250000
	207250000
	215250000
	0
	0
	0
	0
	0
	0
	0
	0
	0
	0
	471250000
	479250000
	487250000
	495250000
	503250000
	511250000
	519250000
	527250000
	535250000
	543250000
	551250000
	559250000
	567250000
	575250000
	583250000
	591250000
	599250000
	607250000
	615250000
	623250000
	631250000
	639250000
	647250000
	655250000
	663250000
	671250000
	679250000
	687250000
	695250000
	703250000
	711250000
	719250000
	727250000
	735250000
	743250000
	751250000
	759250000
	767250000
	775250000
	783250000
	791250000
	799250000
	807250000
	815250000
	823250000
	831250000
	839250000
	847250000
	855250000

[European Air Frequency]

ChannelLow=21
ChannelHigh=69
     471250000
     479250000
     487250000
     495250000
     503250000
     511250000
     519250000
     527250000
     535250000
     543250000
     551250000
     559250000
     567250000
     575250000
     583250000
     591250000
     599250000
     607250000
     615250000
     623250000
     631250000
     639250000
     647250000
     655250000
     663250000
     671250000
     679250000
     687250000
     695250000
     703250000
     711250000
     719250000
     727250000
     735250000
     743250000
     751250000
     759250000
     767250000
     775250000
     783250000
     791250000
     799250000
     807250000
     815250000
     823250000
     831250000
     839250000
     847250000
     855250000

[Russia Air Frequency]

ChannelLow=1
ChannelHigh=80
      49750000
      59250000
      77250000
      85250000
      93250000
     175250000
     183250000
     191250000
     199250000
     207250000
     215250000
     223250000
     0
     0
     0
     0
     0
     0
     0
     0
     471250000
     479250000
     487250000
     495250000
     503250000
     511250000
     519250000
     527250000
     535250000
     543250000
     551250000
     559250000
     567250000
     575250000
     583250000
     591250000
     599250000
     607250000
     615250000
     623250000
     631250000
     639250000
     647250000
     655250000
     663250000
     671250000
     679250000
     687250000
     695250000
     703250000
     711250000
     719250000
     727250000
     735250000
     743250000
     751250000
     759250000
     767250000
     775250000
     783250000
     791250000
     799250000
     807250000
     815250000
     823250000
     831250000
     839250000
     847250000
     855250000
     863250000
     871250000
     879250000
     887250000
     895250000
     903250000
     911250000
     919250000
     927250000
     935250000
     943250000